-269.21606 0.46911 0.62166 1.19568E15 8.14893E14
-269.1849 0.53702 0.6643 1.24945E15 9.15727E14
-269.15375 0.59887 0.7046 1.3049E15 1.02343E15
-269.1226 0.65495 0.74266 1.36199E15 1.13774E15
-269.09145 0.70552 0.77857 1.42065E15 1.25827E15
-269.06029 0.75088 0.81242 1.48084E15 1.3845E15
-269.02914 0.7913 0.84431 1.54248E15 1.51578E15
-268.99799 0.82705 0.87434 1.6055E15 1.65134E15
-268.96684 0.85842 0.90258 1.66981E15 1.79025E15
-268.93569 0.88569 0.92915 1.73532E15 1.93149E15
-268.90453 0.90912 0.95413 1.80192E15 2.07391E15
-268.87338 0.92901 0.97762 1.86951E15 2.21625E15
-268.84223 0.94563 0.99971 1.93796E15 2.35717E15
-268.81108 0.95926 1.0205 2.00714E15 2.49527E15
-268.77993 0.97018 1.04007 2.07693E15 2.6291E15
-268.74877 0.97866 1.05852 2.14717E15 2.75719E15
-268.71762 0.98499 1.07595 2.21772E15 2.87808E15
-268.68647 0.98944 1.09246 2.28843E15 2.99034E15
-268.65532 0.99229 1.10812 2.35912E15 3.09261E15
-268.62416 0.99382 1.12305 2.42962E15 3.18359E15
-268.59301 0.99431 1.13732 2.49978E15 3.26214E15
-268.56186 0.99404 1.15104 2.5694E15 3.32722E15
-268.53071 0.99328 1.1643 2.63831E15 3.37799E15
-268.49956 0.99232 1.1772 2.70631E15 3.41375E15
-268.4684 0.99143 1.18982 2.77324E15 3.43403E15
-268.43725 0.99089 1.20226 2.83889E15 3.43855E15
-268.4061 0.99099 1.21461 2.90307E15 3.42725E15
-268.37495 0.99199 1.22698 2.96561E15 3.40029E15
-268.3438 0.99418 1.23945 3.02632E15 3.35803E15
-268.31264 0.99783 1.25211 3.085E15 3.30103E15
-268.28149 1.00323 1.26506 3.14148E15 3.23006E15
-268.25034 1.01065 1.2784 3.19558E15 3.14605E15
-268.21919 1.02038 1.29222 3.24714E15 3.05008E15
-268.18803 1.03268 1.3066 3.29598E15 2.94337E15
-268.15688 1.04784 1.32165 3.34195E15 2.82723E15
-268.12573 1.06614 1.33747 3.38489E15 2.70308E15
-268.09458 1.08786 1.35413 3.42466E15 2.57235E15
-268.06343 1.11326 1.37174 3.46113E15 2.43651E15
-268.03227 1.14265 1.39039 3.49418E15 2.29702E15
-268.00112 1.17628 1.41018 3.52369E15 2.15532E15
-267.96997 1.21444 1.4312 3.54956E15 2.01279E15
-267.93882 1.25741 1.45354 3.5717E15 1.87073E15
-267.90767 1.30547 1.47729 3.59004E15 1.73035E15
-267.87651 1.3589 1.50255 3.60451E15 1.59276E15
-267.84536 1.41797 1.52942 3.61506E15 1.45893E15
-267.81421 1.48296 1.55799 3.62166E15 1.32972E15
-267.78306 1.55415 1.58835 3.62428E15 1.20587E15
-267.7519 1.63182 1.62059 3.62042E15 1.08795E15
-267.72075 1.71625 1.65481 3.60572E15 9.76432E14
-267.6896 1.80772 1.6911 3.58024E15 8.71648E14
-267.65845 1.9065 1.72957 3.54421E15 7.73812E14
-267.6273 2.01288 1.77029 3.49798E15 6.83026E14
-267.59614 2.12713 1.81337 3.44198E15 5.99289E14
-267.56499 2.24953 1.85889 3.37675E15 5.22512E14
-267.53384 2.38036 1.90696 3.30288E15 4.52527E14
-267.50269 2.5199 1.95766 3.22105E15 3.89098E14
-267.47154 2.66843 2.0111 3.13197E15 3.31936E14
-267.44038 2.82622 2.06735 3.03645E15 2.80711E14
-267.40923 2.99355 2.12653 2.93528E15 2.35058E14
-267.37808 3.17071 2.18872 2.82931E15 1.94594E14
-267.34693 3.35797 2.25401 2.71939E15 1.58923E14
-267.31578 3.55561 2.3225 2.60639E15 1.27645E14
-267.28462 3.76391 2.39428 2.49116E15 1.00365E14
-267.25347 3.98314 2.46945 2.37451E15 7.66974E13
-267.22232 4.21359 2.54811 2.25727E15 5.6271E13
-267.19117 4.45553 2.63033 2.14018E15 3.87335E13
-267.16001 4.70924 2.71623 2.02398E15 2.37541E13
-267.12886 4.97501 2.80588 1.90934E15 1.10253E13
-267.09771 5.25311 2.89939 1.79687E15 2.63997E11
-267.06656 5.54381 2.99686 1.68712E15 2.63997E11
-267.03541 5.8474 3.09836 1.58059E15 2.63997E11
-267.00425 6.16415 3.20401 1.47771E15 2.63997E11
-266.9731 6.49435 3.31388 1.37884E15 2.63997E11
-266.94195 6.83827 3.42808 1.28427E15 2.63997E11
-266.9108 7.1962 3.5467 1.19423E15 2.63997E11
-266.87965 7.5684 3.66983 1.10891E15 2.63997E11
-266.84849 7.95516 3.79757 1.02841E15 2.63997E11
-266.81734 8.35675 3.93001 9.52787E14 2.63997E11
-266.78619 8.77347 4.06724 8.8206E14 2.63997E11
-266.75504 9.20557 4.20937 8.16188E14 2.63997E11
-266.72388 9.65335 4.35647 7.55093E14 2.63997E11
-266.69273 10.11707 4.50865 6.98662E14 2.63997E11
-266.66158 10.59703 4.666 6.46751E14 2.63997E11
-266.63043 11.0935 4.82861 5.99189E14 2.63997E11
-266.59928 11.60675 4.99658 5.55784E14 2.63997E11
-266.56812 12.13706 5.17001 5.16329E14 2.63997E11
-266.53697 12.68472 5.34897 4.80605E14 2.63997E11
-266.50582 13.25001 5.53358 4.48382E14 2.63997E11
-266.47467 13.83319 5.72392 4.1943E14 2.63997E11
-266.44352 14.43455 5.92008 3.93514E14 2.63997E11
-266.41236 15.05437 6.12217 3.70405E14 2.63997E11
-266.38121 15.69293 6.33027 3.49874E14 2.63997E11
-266.35006 16.3505 6.54448 3.31703E14 2.63997E11
-266.31891 17.02736 6.76489 3.1568E14 2.63997E11
-266.28775 17.7238 6.9916 3.01602E14 2.63997E11
-266.2566 18.44008 7.22469 2.89279E14 2.63997E11
-266.22545 19.1765 7.46427 2.78532E14 2.63997E11
-266.1943 19.93332 7.71043 2.69192E14 2.63997E11
-266.16315 20.71083 7.96326 2.61105E14 2.63997E11
-266.13199 21.50931 8.22285 2.54128E14 2.63997E11